61313
259302
317157
357575
359286
385157
406584
410288
451567
460755
465852
474762
513157
609507
665377
768123
1019172
1070905
1116993
1178946
1183712
1193495
1231512
1281029
1297320
1300812
1389653
1429006
1465619
1492256
1528375
1592974
1606336
1624842
1681282
1700819
1702188
1702194
1733644
1781638
1956649
1965081
1968874
1981020
1981025
1981031
2082556
2097214
2115816
2127641
2149398
2149410
2164833
2168493
2368517
2395648
2487313
2500375
2527031
2537215
2571850
2589558
2599349
2599377
2599457
2599463
2628908
2645988
2668049
2670133
2694151
2798022
2852407
2903583
2948506
2956995
2990468
3012598
3050099
3051719
3072191
3085365
3126453
3148567
3149139
3155120
3168462
3178096
3178099
3178104
3178109
3178114
3178116
3178134
3178143
3178146
3178157
3178160
3178173
3178174
3178181
3178184
3178186
3178187
3178188
3178195
3178198
3178200
3178212
3178214
3178216
3178218
3178220
3178227
3178229
3178377
3178378
3178381
3178382
3178384
3178387
3178394
3178402
3178403
3183251
3183269
3196307
3218392
3272016
3312935
3313501
3322517
3322538
3364060
3364908
3413569
3432208
3481158
3503609
3513545
3513996
3544630
3569449
3571581
3572105
3714161
3720269
3859042
3980551
3996642
4010014
4020644
4025509
4041053
4045639
4045698
4073262
4073268
4073272
4079245
4095953
4097953
4098543
4273855
4328051
4416046
4469671
4474411
4515436
4533006
4533775
4603178
4661484
4677362
4682848
4744153
4841448
4844649
4895866
4922776
5016348